2.745290e-003 6.774382e-005 6.092510e-006 1.018555e-006 2.453668e-007 
6.774382e-005 1.018555e-006 7.522356e-008 1.131289e-008 2.550981e-009 
6.092510e-006 7.522356e-008 5.163780e-009 7.475214e-010 1.646597e-010 
1.018555e-006 1.131289e-008 7.475214e-010 1.061068e-010 2.309409e-011 
2.453668e-007 2.550981e-009 1.646597e-010 2.309409e-011 4.989934e-012 


Condition number
5.335823e+013

A^(-1)
1.664259e+003 -3.666524e+006 2.549060e+008 -2.698813e+009 5.871573e+009 
-3.666524e+006 6.931297e+009 -4.491506e+011 4.566693e+012 -9.677196e+012 
2.549060e+008 -4.491506e+011 2.834662e+013 -2.843131e+014 5.975297e+014 
-2.698813e+009 4.566693e+012 -2.843131e+014 2.832494e+015 -5.929198e+015 
5.871573e+009 -9.677196e+012 5.975297e+014 -5.929198e+015 1.238233e+016 
res
1.712000e+010 -2.776363e+013 1.705572e+015 -1.688226e+016 3.520494e+016 
det
6.138187e-048

A*A^(-1)
1.000000e+000 1.776357e-015 -7.771561e-016 -2.775558e-017 7.285839e-017 
4.656613e-010 1.000000e+000 4.547474e-013 8.526513e-014 -1.207923e-013 
5.960464e-008 9.313226e-010 1.000000e+000 3.637979e-012 9.094947e-012 
-2.384186e-007 0.000000e+000 4.656613e-010 1.000000e+000 -7.275958e-011 
9.536743e-007 1.490116e-008 0.000000e+000 0.000000e+000 1.000000e+000 


Nav
0.000000e+000 -1.490116e-008 2.793968e-009 -4.656613e-010 5.820766e-011 


zb
2.608405e+001 -4.319609e+004 2.671271e+006 -2.652634e+007 5.542096e+007 
A + E
1.002745e+000 6.774382e-005 6.092510e-006 1.018555e-006 2.453668e-007 
6.774382e-005 1.000001e+000 7.522356e-008 1.131289e-008 2.550981e-009 
6.092510e-006 7.522356e-008 1.000000e+000 7.475214e-010 1.646597e-010 
1.018555e-006 1.131289e-008 7.475214e-010 1.000000e+000 2.309409e-011 
2.453668e-007 2.550981e-009 1.646597e-010 2.309409e-011 1.000000e+000 
Jacobi res
4.985937e+000 4.999657e+000 4.999969e+000 4.999995e+000 4.999999e+000 
Nav
-1.406332e-002 -3.433043e-004 -3.078334e-005 -5.139397e-006 -1.237101e-006 
